8.757812500000000000e+01 6.767578125000000000e+00 2.037109375000000000e+01 4.848437500000000000e+01 2.242187500000000222e-01
1.425781250000000000e+02 6.767578125000000000e+00 2.037109375000000000e+01 4.848437500000000000e+01 2.242187500000000222e-01
8.757812500000000000e+01 3.212890625000000000e+00 2.037109375000000000e+01 4.848437500000000000e+01 2.242187500000000222e-01
8.757812500000000000e+01 6.767578125000000000e+00 2.798828125000000000e+01 4.848437500000000000e+01 2.242187500000000222e-01
8.757812500000000000e+01 6.767578125000000000e+00 2.037109375000000000e+01 4.004687500000000000e+01 2.242187500000000222e-01
8.757812500000000000e+01 6.767578125000000000e+00 2.037109375000000000e+01 4.848437500000000000e+01 5.546875000000000416e-02
8.757812500000000000e+01 3.212890625000000000e+00 2.798828125000000000e+01 4.004687500000000000e+01 5.546875000000000416e-02
1.425781250000000000e+02 6.767578125000000000e+00 2.798828125000000000e+01 4.004687500000000000e+01 5.546875000000000416e-02
1.425781250000000000e+02 3.212890625000000000e+00 2.037109375000000000e+01 4.004687500000000000e+01 5.546875000000000416e-02
1.425781250000000000e+02 3.212890625000000000e+00 2.798828125000000000e+01 4.848437500000000000e+01 5.546875000000000416e-02
1.425781250000000000e+02 3.212890625000000000e+00 2.798828125000000000e+01 4.004687500000000000e+01 2.242187500000000222e-01
1.425781250000000000e+02 3.212890625000000000e+00 2.798828125000000000e+01 4.004687500000000000e+01 5.546875000000000416e-02
1.275781250000000000e+02 4.176757812500000000e+01 1.037109375000000000e+01 2.448437500000000000e+01 6.242187500000000444e-01
1.025781250000000000e+02 4.176757812500000000e+01 1.037109375000000000e+01 2.448437500000000000e+01 6.242187500000000444e-01
1.275781250000000000e+02 3.821289062500000000e+01 1.037109375000000000e+01 2.448437500000000000e+01 6.242187500000000444e-01
1.275781250000000000e+02 4.176757812500000000e+01 1.798828125000000000e+01 2.448437500000000000e+01 6.242187500000000444e-01
1.275781250000000000e+02 4.176757812500000000e+01 1.037109375000000000e+01 1.604687500000000000e+01 6.242187500000000444e-01
1.275781250000000000e+02 4.176757812500000000e+01 1.037109375000000000e+01 2.448437500000000000e+01 4.554687500000000333e-01
1.275781250000000000e+02 3.821289062500000000e+01 1.798828125000000000e+01 1.604687500000000000e+01 4.554687500000000333e-01
1.025781250000000000e+02 4.176757812500000000e+01 1.798828125000000000e+01 1.604687500000000000e+01 4.554687500000000333e-01
1.025781250000000000e+02 3.821289062500000000e+01 1.037109375000000000e+01 1.604687500000000000e+01 4.554687500000000333e-01
1.025781250000000000e+02 3.821289062500000000e+01 1.798828125000000000e+01 2.448437500000000000e+01 4.554687500000000333e-01
1.025781250000000000e+02 3.821289062500000000e+01 1.798828125000000000e+01 1.604687500000000000e+01 6.242187500000000444e-01
1.025781250000000000e+02 3.821289062500000000e+01 1.798828125000000000e+01 1.604687500000000000e+01 4.554687500000000333e-01
1.475781250000000000e+02 2.426757812500000000e+01 2.537109375000000000e+01 6.048437500000000000e+01 4.242187500000000333e-01
8.257812500000000000e+01 2.426757812500000000e+01 2.537109375000000000e+01 6.048437500000000000e+01 4.242187500000000333e-01
1.475781250000000000e+02 2.071289062500000000e+01 2.537109375000000000e+01 6.048437500000000000e+01 4.242187500000000333e-01
1.475781250000000000e+02 2.426757812500000000e+01 1.298828125000000000e+01 6.048437500000000000e+01 4.242187500000000333e-01
1.475781250000000000e+02 2.426757812500000000e+01 2.537109375000000000e+01 2.804687500000000000e+01 4.242187500000000333e-01
1.475781250000000000e+02 2.426757812500000000e+01 2.537109375000000000e+01 6.048437500000000000e+01 6.554687500000000444e-01
1.475781250000000000e+02 2.071289062500000000e+01 1.298828125000000000e+01 2.804687500000000000e+01 6.554687500000000444e-01
8.257812500000000000e+01 2.426757812500000000e+01 1.298828125000000000e+01 2.804687500000000000e+01 6.554687500000000444e-01
8.257812500000000000e+01 2.071289062500000000e+01 2.537109375000000000e+01 2.804687500000000000e+01 6.554687500000000444e-01
8.257812500000000000e+01 2.071289062500000000e+01 1.298828125000000000e+01 6.048437500000000000e+01 6.554687500000000444e-01
8.257812500000000000e+01 2.071289062500000000e+01 1.298828125000000000e+01 2.804687500000000000e+01 4.242187500000000333e-01
8.257812500000000000e+01 2.071289062500000000e+01 1.298828125000000000e+01 2.804687500000000000e+01 6.554687500000000444e-01
1.075781250000000000e+02 5.926757812500000000e+01 1.537109375000000000e+01 3.648437500000000000e+01 2.421875000000000069e-02
1.225781250000000000e+02 5.926757812500000000e+01 1.537109375000000000e+01 3.648437500000000000e+01 2.421875000000000069e-02
1.075781250000000000e+02 5.571289062500000000e+01 1.537109375000000000e+01 3.648437500000000000e+01 2.421875000000000069e-02
1.075781250000000000e+02 5.926757812500000000e+01 2.298828125000000000e+01 3.648437500000000000e+01 2.421875000000000069e-02
1.075781250000000000e+02 5.926757812500000000e+01 1.537109375000000000e+01 5.204687500000000000e+01 2.421875000000000069e-02
1.075781250000000000e+02 5.926757812500000000e+01 1.537109375000000000e+01 3.648437500000000000e+01 2.554687500000000222e-01
1.075781250000000000e+02 5.571289062500000000e+01 2.298828125000000000e+01 5.204687500000000000e+01 2.554687500000000222e-01
1.225781250000000000e+02 5.926757812500000000e+01 2.298828125000000000e+01 5.204687500000000000e+01 2.554687500000000222e-01
1.225781250000000000e+02 5.571289062500000000e+01 1.537109375000000000e+01 5.204687500000000000e+01 2.554687500000000222e-01
1.225781250000000000e+02 5.571289062500000000e+01 2.298828125000000000e+01 3.648437500000000000e+01 2.554687500000000222e-01
1.225781250000000000e+02 5.571289062500000000e+01 2.298828125000000000e+01 5.204687500000000000e+01 2.421875000000000069e-02
1.225781250000000000e+02 5.571289062500000000e+01 2.298828125000000000e+01 5.204687500000000000e+01 2.554687500000000222e-01
9.757812500000000000e+01 3.301757812500000000e+01 1.287109375000000000e+01 3.048437500000000000e+01 1.242187500000000028e-01
1.325781250000000000e+02 3.301757812500000000e+01 1.287109375000000000e+01 3.048437500000000000e+01 1.242187500000000028e-01
9.757812500000000000e+01 2.946289062500000000e+01 1.287109375000000000e+01 3.048437500000000000e+01 1.242187500000000028e-01
9.757812500000000000e+01 3.301757812500000000e+01 1.048828125000000000e+01 3.048437500000000000e+01 1.242187500000000028e-01
9.757812500000000000e+01 3.301757812500000000e+01 1.287109375000000000e+01 3.404687500000000000e+01 1.242187500000000028e-01
9.757812500000000000e+01 3.301757812500000000e+01 1.287109375000000000e+01 3.048437500000000000e+01 5.554687500000000666e-01
9.757812500000000000e+01 2.946289062500000000e+01 1.048828125000000000e+01 3.404687500000000000e+01 5.554687500000000666e-01
1.325781250000000000e+02 3.301757812500000000e+01 1.048828125000000000e+01 3.404687500000000000e+01 5.554687500000000666e-01
1.325781250000000000e+02 2.946289062500000000e+01 1.287109375000000000e+01 3.404687500000000000e+01 5.554687500000000666e-01
1.325781250000000000e+02 2.946289062500000000e+01 1.048828125000000000e+01 3.048437500000000000e+01 5.554687500000000666e-01
1.325781250000000000e+02 2.946289062500000000e+01 1.048828125000000000e+01 3.404687500000000000e+01 1.242187500000000028e-01
1.325781250000000000e+02 2.946289062500000000e+01 1.048828125000000000e+01 3.404687500000000000e+01 5.554687500000000666e-01
1.375781250000000000e+02 6.801757812500000000e+01 2.287109375000000000e+01 5.448437500000000000e+01 5.242187500000000666e-01
9.257812500000000000e+01 6.801757812500000000e+01 2.287109375000000000e+01 5.448437500000000000e+01 5.242187500000000666e-01
1.375781250000000000e+02 6.446289062500000000e+01 2.287109375000000000e+01 5.448437500000000000e+01 5.242187500000000666e-01
1.375781250000000000e+02 6.801757812500000000e+01 2.048828125000000000e+01 5.448437500000000000e+01 5.242187500000000666e-01
1.375781250000000000e+02 6.801757812500000000e+01 2.287109375000000000e+01 5.804687500000000000e+01 5.242187500000000666e-01
1.375781250000000000e+02 6.801757812500000000e+01 2.287109375000000000e+01 5.448437500000000000e+01 1.554687500000000167e-01
1.375781250000000000e+02 6.446289062500000000e+01 2.048828125000000000e+01 5.804687500000000000e+01 1.554687500000000167e-01
9.257812500000000000e+01 6.801757812500000000e+01 2.048828125000000000e+01 5.804687500000000000e+01 1.554687500000000167e-01
9.257812500000000000e+01 6.446289062500000000e+01 2.287109375000000000e+01 5.804687500000000000e+01 1.554687500000000167e-01
9.257812500000000000e+01 6.446289062500000000e+01 2.048828125000000000e+01 5.448437500000000000e+01 1.554687500000000167e-01
9.257812500000000000e+01 6.446289062500000000e+01 2.048828125000000000e+01 5.804687500000000000e+01 5.242187500000000666e-01
9.257812500000000000e+01 6.446289062500000000e+01 2.048828125000000000e+01 5.804687500000000000e+01 1.554687500000000167e-01
1.175781250000000000e+02 1.551757812500000000e+01 1.787109375000000000e+01 1.848437500000000000e+01 7.242187500000000222e-01
7.257812500000000000e+01 1.551757812500000000e+01 1.787109375000000000e+01 1.848437500000000000e+01 7.242187500000000222e-01
1.175781250000000000e+02 1.196289062500000000e+01 1.787109375000000000e+01 1.848437500000000000e+01 7.242187500000000222e-01
1.175781250000000000e+02 1.551757812500000000e+01 2.548828125000000000e+01 1.848437500000000000e+01 7.242187500000000222e-01
1.175781250000000000e+02 1.551757812500000000e+01 1.787109375000000000e+01 4.604687500000000000e+01 7.242187500000000222e-01
1.175781250000000000e+02 1.551757812500000000e+01 1.787109375000000000e+01 1.848437500000000000e+01 3.554687500000000000e-01
1.175781250000000000e+02 1.196289062500000000e+01 2.548828125000000000e+01 4.604687500000000000e+01 3.554687500000000000e-01
7.257812500000000000e+01 1.551757812500000000e+01 2.548828125000000000e+01 4.604687500000000000e+01 3.554687500000000000e-01
7.257812500000000000e+01 1.196289062500000000e+01 1.787109375000000000e+01 4.604687500000000000e+01 3.554687500000000000e-01
7.257812500000000000e+01 1.196289062500000000e+01 2.548828125000000000e+01 1.848437500000000000e+01 3.554687500000000000e-01
7.257812500000000000e+01 1.196289062500000000e+01 2.548828125000000000e+01 4.604687500000000000e+01 7.242187500000000222e-01
7.257812500000000000e+01 1.196289062500000000e+01 2.548828125000000000e+01 4.604687500000000000e+01 3.554687500000000000e-01
